0
0.000000e+000
0.000000e+000
0.000000e+000
0.000000e+000
0.000000e+000
0.000000e+000
0.000000e+000
0.000000e+000
0.000000e+000
0.000000e+000
0.000000e+000
0.000000e+000
0.000000e+000
0.000000e+000
0.000000e+000
0.000000e+000
0.000000e+000
0.000000e+000
0.000000e+000
0.000000e+000
0.000000e+000
0.000000e+000
0.000000e+000
0.000000e+000
0.000000e+000
0.000000e+000
0.000000e+000
0.000000e+000
0.000000e+000
0.000000e+000
0.000000e+000
0.000000e+000
0.000000e+000
0.000000e+000
2.866459e-003
3.115747e-003
2.494765e-003
2.573142e-003
2.884079e-003
3.498282e-003
3.489824e-003
3.488739e-003
3.699430e-003
3.720910e-003
3.629417e-003
2.802743e-003
2.067686e-003
1.890637e-003
1.708380e-003
1.593200e-003
1.775388e-003
1.607608e-003
1.173357e-003
8.854317e-004
