[[1, 0, 0, 0][0, 1, 0, 0][0, 0, 1, 0][0, 0, 0, 1]]
[[1, 0, 0, 1.4776][0, 1, 0, -0.223318][0, 0, 1, 0][0, 0, 0, 1]]
[[1, 0, 0, 2.82321][0, 1, 0, -0.873322][0, 0, 1, 0][0, 0, 0, 1]]
[[1, 0, 0, 3.91663][0, 1, 0, -1.89195][0, 0, 1, 0][0, 0, 0, 1]]
[[1, 0, 0, 4.6602][0, 1, 0, -3.18821][0, 0, 1, 0][0, 0, 0, 1]]
[[1, 0, 0, 4.98747][0, 1, 0, -4.64631][0, 0, 1, 0][0, 0, 0, 1]]
[[1, 0, 0, 4.86924][0, 1, 0, -6.13601][0, 0, 1, 0][0, 0, 0, 1]]
[[1, 0, 0, 4.31605][0, 1, 0, -7.52423][0, 0, 1, 0][0, 0, 0, 1]]
[[1, 0, 0, 3.37732][0, 1, 0, -8.68697][0, 0, 1, 0][0, 0, 0, 1]]
[[1, 0, 0, 2.1369][0, 1, 0, -9.52036][0, 0, 1, 0][0, 0, 0, 1]]
[[1, 0, 0, 0.705601][0, 1, 0, -9.94996][0, 0, 1, 0][0, 0, 0, 1]]
[[1, 0, 0, -0.788727][0, 1, 0, -9.9374][0, 0, 1, 0][0, 0, 0, 1]]
[[1, 0, 0, -2.2126][0, 1, 0, -9.48379][0, 0, 1, 0][0, 0, 0, 1]]
[[1, 0, 0, -3.43883][0, 1, 0, -8.62966][0, 0, 1, 0][0, 0, 0, 1]]
[[1, 0, 0, -4.35788][0, 1, 0, -7.4513][0, 0, 1, 0][0, 0, 0, 1]]
[[1, 0, 0, -4.88765][0, 1, 0, -6.05398][0, 0, 1, 0][0, 0, 0, 1]]
